GEO (Codes)	X1	X3	X4	X5	X6	X7	X8	X9	X10	X12
BE10	1215290	110.9	139.2	284.4	70.3	44.1	84.4	48.8	36.8	30.8
BE21	1860470	131.4	352.9	371.1	74.5	52.5	78.8	54.1	37	52.9
BE22	875842	64.1	169.1	167.8	63.4	44.1	87	53	36.3	13.4
BE23	1516283	96.8	302.6	318.4	76.8	56.7	79.5	55.7	37.5	34.8
BE24	1146643	55.9	197.5	281.6	74.2	51.4	83.2	55	38.5	33.4
BE25	1196995	79.6	248.7	224.6	70.1	54.3	70.2	54.1	38.6	15.2
BE32	1346082	94.3	227.7	203.7	54	32	79.8	43.9	36.7	19.5
BE33	1110068	79.7	173.7	197.7	60.2	34.8	78.7	46.6	36	15.5
BE34	286685	20.1	52.9	55.8	60.1	41.5	73.1	52.8	36.4	3.3
BE35	496891	34.7	84.4	90.2	57.5	46.7	71.7	48	36.3	11.5
CZ02	1369332	27.5	514	158.3	76.6	52.9	82.1	61.3	40.9	30.8
CZ03	1226805	32.4	458.4	126.7	78.9	70.9	88.9	58.9	39.8	23.2
CZ04	1115685	59.6	404.4	86.4	66.3	42	88.9	56.9	40.7	10.8
CZ05	1513693	37.1	564	151.4	82	51.4	100	58.2	39.9	30.8
CZ07	1215413	25.1	455.8	120.6	76.6	46.5	92.8	57.3	39.8	23.1
CZ08	1203299	37	437.9	126	75.8	49	97	56.9	38.9	23
DK01	1835562	151.1	350.5	487.1	79.2	47.7	86.2	62.5	33	89
DE11	4143418	343.6	1189.4	771.5	81.7	74.9	85.3	64	34.7	103.4
DE12	2805129	216.7	823.6	491.5	81	77.1	86.2	62.4	34.6	89.7
DE13	2264469	184.7	677.2	369.2	83.1	73	88.8	63.3	34.3	67.8
DE14	1856517	145.1	557.7	319	80.8	67.5	92.2	64.3	34.1	57
DE22	1238528	89.4	438.5	150.9	83.3	79.9	81	63.8	34	18.2
DE24	1067482	73.7	363.4	145.4	82.2	66.7	94.6	62	34.4	17.3
DE25	1770401	129.5	513.3	285.2	76.1	59.8	85.4	60.6	35.1	45.6
DE26	1317124	87.7	425.8	207.6	83.5	68.6	87.3	62.8	34.2	23.1
DE27	1887754	136.4	619.2	279	82	68.6	87.6	63.1	34.8	35.9
DE30	3644826	210.8	892.8	861.5	78.2	53.7	88.2	60.3	35.3	137
DE50	682986	61.1	187.1	100.4	74.4	61.9	88.4	56.9	33.6	12.1
DE60	1841179	142.8	482.2	376.7	83.1	72.5	88.8	62.5	35.4	53.7
DE71	3998724	333.6	1060.3	743.7	80.2	69	88.2	61.2	35.1	123.3
DE72	1047262	77.3	302.5	153.9	78.4	67.3	81.3	58	33.9	24.3
DE73	1219823	85.5	383.7	165.8	82.2	66.5	89.5	59.5	34	15.7
DE91	1596396	107.7	457.9	239.7	77.1	67.9	87.3	57.6	34	32.2
DE92	2149805	153.1	641.7	317.1	76.2	54.1	84.1	59	34.3	36.5
DE93	1710914	117.3	550.9	210.6	80.8	66.9	86.1	59.6	34.4	19.5
DE94	2525333	200.8	826.9	302.1	77.5	68.8	86.5	60.7	34.2	21.4
DEA2	4468904	337.5	1228.8	721.2	78.4	64.5	85.8	58.5	34.7	109.6
DEA3	2623619	204	813.5	351.1	77.6	66.8	84.7	59.4	33.8	31.4
DEA4	2055310	162.2	634.8	252.8	78	70.3	87.5	59.1	33.8	33.5
DEA5	3582497	296.3	1073.9	430.6	74.9	61.3	86.1	57	34	50.4
DEB1	1495885	120.8	456	200.8	79.1	68.2	83.4	60.1	34.5	21.9
DEB3	2057952	169.5	578.7	319.6	76.3	63.5	84.8	59.4	34.4	46.4
DEF0	2896712	191.9	940.8	360.7	78.6	70.3	83.6	59.3	34.6	48.8
IE06	2411912	138.7	434.9	638.8	79.7	46.5	89.3	61.6	36.6	110.9
EL30	3742235	203.2	784	747.7	55.1	37.7	60.3	44.7	40.2	81.5
ES11	2700441	425.8	296.5	517.5	64	49.6	85.9	46.4	38.2	33.5
ES12	1022205	124.5	108.3	217.7	60.6	36.6	75.7	43.1	37.9	14.4
ES13	581641	75.8	73.7	122.1	64.6	57.9	72.1	48.8	37	5
ES21	2177880	239.5	226.1	564.5	65.7	48.2	88.1	50.4	36.4	36.3
ES22	649946	81.2	78.4	155.1	80.6	75.5	64.1	53.2	36.7	8.9
ES23	313571	56.2	37.9	61.9	75.1	70.7	75.9	52.8	37.3	1.7
ES24	1320586	203.3	179.6	269.5	67.9	55.8	77	52.6	37.8	16.7
ES41	2407733	391.8	270.4	458.3	64.3	54.9	75.7	48	37.7	23.5
ES42	2034877	436.7	226.6	321.3	71.5	65.1	80.7	48.3	37.7	20.1
ES52	4974969	884.1	601.4	943.4	68.3	59.5	75.7	49.4	37.7	54.1
ES53	1188220	254.6	177.2	214.3	70.4	61.9	83.2	56.1	37.9	10.9
ES62	1487663	315.8	164.2	239.1	64.1	60.6	82.8	49.8	37.8	9.7
ES70	2206901	432.8	300.3	405.6	71.4	66.5	66.2	47.2	37.3	15.6
FRF1	1903646	127.9	435.6	359.8	79.6	68.1	91.3	55.2	36.5	41.4
FRF3	2322213	152.1	476.8	372.9	59.2	51.6	76.8	49.4	36.4	20
FRI1	3458041	216.7	747.1	583.9	64.1	60.2	77.8	49.9	37.4	42.5
FRJ1	2847554	193.8	510.1	428.5	56.7	60.2	68.5	44.1	36.1	30.5
FRJ2	3071427	157.7	561.4	641	69.3	51	85.2	51.4	37.2	73.2
FRL0	5065696	321	901.4	890.9	70.4	64.3	78.3	47.2	37.2	75.2
ITC1	4328565	631.3	928.9	413.5	65.8	56.4	76	48.5	37.3	71.9
ITC3	1532980	186.6	326.3	161.5	62.8	57.5	68.6	44.9	37	21.1
ITH1	530313	77.2	143.8	45.2	77.2	66.6	82.6	58.9	37.7	4.9
ITH3	4884590	665.5	1150.3	472.4	70.9	57.5	78.9	51.4	37.6	55.9
ITH4	1210414	141.3	278.9	122.9	69.5	60.7	84.5	48.4	37.4	20.2
ITH5	4459453	586	1035.9	518.6	71.4	59.4	76	52.9	37.6	70.3
ITI1	3701343	530.3	788.1	389.9	67.1	59.5	84.8	49.4	36.9	55.2
ITI2	873744	95.6	205.1	94.4	65.4	54.2	76.7	47.4	36.9	10.4
ITI3	1520321	212.5	322.5	159.4	64.7	57.4	76.2	48.1	37.1	14.2
ITF3	5740291	781.7	872.4	403.7	53.1	49.9	58.1	33.4	36.8	43.6
ITF4	3975528	565.9	604.2	277	41.2	36.1	72.8	35.4	37.2	18.4
ITF6	1912021	247.8	310.8	136.8	43.1	41.3	63.1	32.8	36.5	6
ITG1	4908548	646.2	742.9	314.3	44.1	39	69.5	31.9	35.9	25.9
ITG2	1622257	270.7	276.5	143.4	54.7	43.5	89	40.8	36.3	10.8
CY00	875899	66.3	172.9	206.9	77.5	64.7	82.7	58.5	39.3	11.8
LU00	613894	52.9	93.5	147.4	74.7	54.4	87.8	57.3	37.9	12.5
MT00	493559	89.1	89.9	84.5	85.1	72.7	93.1	59.3	39.5	14.6
NL22	2071972	240.7	450.5	390.5	71.8	57	75.5	61.9	29.9	44.4
NL23	416546	48.5	107.2	69.8	85.5	93.3	91.3	67.2	30.9	10.4
NL32	2853359	284.9	547.5	715.8	79.6	54.8	86.1	64.4	30.7	81
NL33	3709139	405.5	769.5	767.7	76	59.1	85.5	62.2	30.7	77.3
NL34	383032	50.5	90.2	53.7	74.7	68.7	72.7	60.1	30.4	3.7
NL41	2544806	298.2	576.8	501.4	77.6	59.4	84.3	63.2	30.7	51.3
NL42	1116137	134.5	247	186.9	68.1	51.4	80.9	58.5	30.4	15.7
AT12	1677542	99.9	456	297.5	74.4	59	82.7	58.2	36.9	26.4
AT13	1897491	142.3	399.5	420.5	70.4	49.1	78.5	55.3	36.4	58
AT22	1243052	73.6	354.4	204.8	74.5	51.3	85.3	58.3	36.1	21.1
AT31	1482095	101.6	421.8	256.5	78.8	50.9	86	61.6	36.1	24.4
AT32	555221	37.8	156.7	98	82.7	73.3	88	62	36.4	7.9
AT33	754705	59.8	212.1	124.5	76.9	57.9	84.1	61.8	36.4	13.8
AT34	394297	38.7	108.8	62.6	82	70.5	91.2	62.6	36.1	4.2
PT11	3572583	856.9	505.5	459.5	78.7	73	87.7	55.1	39.5	45
PT16	2216569	507.5	318	295.3	80.6	79.5	85.7	56.3	39.2	23.3
PT17	2846332	455.9	448.3	518.7	84.9	88.6	80.3	55.4	39.8	78.1
SI03	1094435	46.1	319.1	169.5	70.6	39.9	91.7	54.5	39.6	25.9
FI1B	1671024	97.1	348.3	467.8	76.5	61	83	61.4	36.5	83.1
SE11	2344124	184.2	483.6	682	80.3	50.8	88.5	72.7	36.6	124
SE21	864630	81.8	212	161.1	80.9	69.9	85.5	68.7	36.4	10.6
SE22	1521848	121.2	318.2	347.1	72.6	45.6	86.1	64.7	36.3	33.1
SE23	2039166	165.3	506.2	448.6	75.1	64.8	86.3	70.4	36.3	45.2
IS00	356991	50.8	74.2	83.3	84.6	73.1	93.5	78.4	39.2	10.3
CH01	1642580	141.3	365.7	366.2	80	73	85.9	60.2	35.2	47
CH02	1877154	140.3	525.6	408.2	82.9	74.5	89.5	65.6	34	72.7
CH03	1161105	74.7	295.3	291.1	86	68.8	89.8	65.3	34.2	50.1
CH04	1520968	99	342.8	468.4	87.4	77.4	91.1	68.5	34.7	69.3
CH05	1176321	92.8	342.2	252.3	83.5	71.4	89	66.8	34.8	33.1
CH06	813056	60.2	235.7	197.8	85.1	74.5	87.8	70.5	34.4	27.9
CH07	353343	23.4	82.4	72	75.3	62.6	83	54.8	34.8	6.7
UKD3	2822003	239	591.5	599	75	72.5	83.1	60.4	36.7	68.1
UKE1	932645	90.9	217.5	137.6	80.8	77.9	90.6	56.1	36.2	17.1
UKE3	1404971	104.4	295.6	267.9	80.9	71.2	86.4	56.4	35.9	14.7
UKE4	2324560	223.6	474.4	448.3	75.8	56.9	92.6	59.4	36.1	46.9
UKF1	2210381	172.5	515.1	430.4	80.2	73.9	83.9	61	36.2	47.9
UKF2	1843764	166.1	436.2	368.4	84	78.8	92.1	62.9	36.6	36
UKG1	1352539	111.1	299.6	273.7	87.2	84.5	92.8	60.6	36.6	34.3
UKG2	1626956	135.9	374.3	314	86.6	78.2	91.4	61.1	37	29.9
UKG3	2928377	304	590.9	512.1	67.7	51.1	80.5	57.6	35.8	36.7
UKH1	2521676	232.5	560.9	485.8	87.2	75.3	97.3	61.5	36.1	74.6
UKH2	1871847	142.4	374	448.5	87.6	81.9	92	63.4	37.4	67.5
UKH3	1841887	195.9	401	339.4	82.2	70.7	89.7	62	36.8	37.6
UKI3	1190513	41.8	126.2	492.8	83.1	60.1	89.5	65.1	40.7	52.1
UKI4	2430890	136.5	340	939	87.1	64.1	94.9	69.4	37.9	120.8
UKI5	1940638	146.3	379.3	481.8	82	58.3	86.8	63	36.9	49.3
UKI6	1316772	87.4	237.6	394.5	84.7	67.2	89.6	66.7	37.4	51.9
UKI7	2103443	113.8	288.1	666.8	80.4	73.6	86.6	61.7	37.9	92.6
UKJ1	2417428	160.7	490.8	665.9	87.4	74.9	93	67.1	37	153.1
UKJ2	2909838	196.4	554.3	734.1	79.7	65.1	88.1	62.7	35.7	95.2
UKJ3	1993050	135.4	408	457.8	81.2	80	85	60.9	35.9	69.1
UKJ4	1854717	172.8	381.8	378.4	92.6	90.2	91.7	60.5	36.3	31.6
UKK1	2516568	218.2	530.2	591.3	84.9	62.2	87.4	64.1	35.8	63.1
UKK2	1336003	109.9	280.4	254.2	88.5	82.2	94.2	59	35.6	26.2
UKM7	1998699	150.3	344.4	552.8	81.3	87.9	90.2	62.3	36.5	40.9
MK00	2076953	182.1	540.5	240.8	48.3	38.1	72.8	45.9	41.4	19.8
RS11	1691919	47.2	418.3	338.7	67.5	38.7	82.4	51.5	42.1	56.7
RS12	1856911	134	516	190.4	63.9	38.4	87.1	48.4	42.2	21.6
RS21	1916855	203.7	529.5	167.7	65.5	39.5	70.6	49.5	44.2	10.3
TR21	1802315	455.9	201.8	188.6	60.2	59.4	74.9	53	43.5	9.9
TR22	1767237	352.2	145.4	180.7	42.9	39.7	69.3	44.3	45.9	3.1
TR31	4320519	936	425.9	561.5	52.8	37.8	85.9	47.2	44.6	17.5
TR32	3093015	774.1	271.3	319.7	59.7	57.5	66.9	51.2	45.3	3.5
TR33	3100666	746	252.4	254.3	48.6	51.6	84.6	47.6	44.9	5.8
TR41	4089156	768.3	431.6	441.2	51.1	39.7	76.5	45.5	45.3	11.1
TR42	3878979	796.4	424.3	380.5	43.4	22.8	90.2	46.8	45.1	16.2
TR51	5503985	836.9	563.4	863.8	51	35.6	65.2	45.3	44	54.6
TR62	4034593	803.6	327.2	355.4	51.3	36.5	71.9	43.6	44.4	6.3
TR63	3289122	650.2	225.2	238.7	50.1	44.6	100	39.2	45.6	1.3
TR81	1046711	232.5	87.1	98.5	49.2	34.7	86.8	46.3	44.2	2
TR83	2822353	705.5	208	215.5	76.4	78.9	84.3	49.3	42.2	3.7
TR90	2719113	686.8	241.1	239.8	40.7	30.8	69.5	50.8	45.3	1.8
TRB1	1762077	357.7	139.9	164.4	60.4	52.6	85.4	46.3	43.3	2.2
